195354at33090	0	15.6	156.0
5at33090	0	583.783161691	3592
35499at33090	0	54.2	542.0
216228at33090	0	15.7	157.0
146921at33090	0	20.9	209.0
208706at33090	0	13.7	137.0
174213at33090	0	23.452414018	183
130279at33090	0	41.531878957	248
171195at33090	0	19.3	193.0
206164at33090	0	14.2	142.0
134078at33090	0	28.9363867495	262
27237at33090	0	79.6895763035	605
161966at33090	0	21.4384955374	201
207898at33090	0	15.8	158.0
135419at33090	0	28.2	282.0
153820at33090	0	45.9796115178	291
104821at33090	0	39.0910190379	298
174202at33090	0	13.7	137.0
218947at33090	0	10.7	107.0
144680at33090	0	36.403656279	250
141861at33090	0	15.1	151.0
131556at33090	0	30.0	300.0
121281at33090	0	30.2133080771	273
196198at33090	0	9.79131274114	93
234046at33090	0	11.5	115.0
219128at33090	0	7.1	71.0
122422at33090	0	33.8198003558	238
199795at33090	0	13.2	132.0
57004at33090	0	52.290286613	437
191125at33090	0	28.0	280.0
28920at33090	0	52.5	525.0
191581at33090	0	22.3	223.0
156887at33090	0	18.6	186.0
22618at33090	0	129.753905892	592
178386at33090	0	22.9	229.0
171627at33090	0	13.6	136.0
22109at33090	0	42.6	426.0
163701at33090	0	17.5625481535	149
139497at33090	0	88.9	889.0
13039at33090	0	89.4580502858	687
123838at33090	0	34.6168834462	239
220589at33090	0	35.3	353.0
188436at33090	0	22.4894780592	178
111213at33090	0	29.1660494678	242
196443at33090	0	10.9	109.0
41146at33090	0	44.5	445.0
220165at33090	0	20.7010686147	176
131914at33090	0	21.6	216.0
32923at33090	0	136.608476823	726
21857at33090	0	78.3157808416	518
173581at33090	0	25.8	258.0
6843at33090	0	157.575896988	762
177964at33090	0	19.1	191.0
84114at33090	0	35.0142410731	333
196490at33090	0	21.3	213.0
168563at33090	0	31.955176941	164
210557at33090	0	12.1	121.0
21163at33090	0	104.134910393	648
145061at33090	0	46.2	462.0
209301at33090	0	36.5153588038	266
5927at33090	0	156.786448923	958
76026at33090	0	34.0	340.0
7366at33090	0	141.297888101	798
125550at33090	0	13.7	137.0
150470at33090	0	24.8	248.0
148839at33090	0	33.1582557565	320
69505at33090	0	48.4751911378	381
122958at33090	0	26.4	264.0
182952at33090	0	20.292279896	195
131874at33090	0	54.7695259613	515
197780at33090	0	18.2	182.0
196248at33090	0	12.1	121.0
108705at33090	0	45.0003411293	345
133112at33090	0	25.8	258.0
148236at33090	0	19.6	196.0
196410at33090	0	29.0654378141	211
219839at33090	0	12.5	125.0
44526at33090	0	50.2	502.0
173143at33090	0	15.5	155.0
92418at33090	0	29.0	290.0
48290at33090	0	61.0196303348	436
169007at33090	0	14.5	145.0
196991at33090	0	34.4097123192	194
33264at33090	0	58.8536677596	446
212845at33090	0	16.9	169.0
49092at33090	0	47.6707559624	451
213828at33090	0	12.2	122.0
21751at33090	0	102.350478526	799
52348at33090	0	65.3357297025	357
112461at33090	0	38.7	387.0
187866at33090	0	21.9582938014	161
6512at33090	0	101.497130661	712
67389at33090	0	54.4459447733	394
112238at33090	0	52.6	526.0
116585at33090	0	33.0981568522	285
112325at33090	0	29.2	292.0
165103at33090	0	23.2	232.0
146354at33090	0	19.0	190.0
135892at33090	0	42.0	420.0
111210at33090	0	26.9	269.0
106769at33090	0	31.8	318.0
223902at33090	0	10.5	105.0
187914at33090	0	41.490593636	342
194467at33090	0	18.0709753576	178
176016at33090	0	15.5	155.0
167325at33090	0	14.8	148.0
146469at33090	0	25.9247099196	209
198012at33090	0	13.661480116	118
196873at33090	0	14.8	148.0
163833at33090	0	35.6	356.0
64272at33090	0	117.574147391	633
133622at33090	0	49.6372326195	275
101241at33090	0	51.9448133731	326
203023at33090	0	13.3	133.0
120589at33090	0	42.1	421.0
152317at33090	0	23.4	234.0
155102at33090	0	16.0	160.0
229764at33090	0	28.7550668936	284
192376at33090	0	10.5	105.0
184405at33090	0	37.7417573991	307
1855at33090	0	191.331770568	1671
125747at33090	0	26.4165372742	199
142077at33090	0	24.3	243.0
215817at33090	0	45.9744670809	298
9044at33090	0	85.4	854.0
115992at33090	0	25.0	250.0
233744at33090	0	12.2	122.0
43683at33090	0	52.9331574332	497
206170at33090	0	15.5	155.0
180674at33090	0	23.3	233.0
205308at33090	0	18.2	182.0
4034at33090	0	127.967389917	1006
199618at33090	0	49.1211174047	310
146772at33090	0	24.1	241.0
62262at33090	0	34.842000275	294
27607at33090	0	54.0	540.0
197838at33090	0	12.9	129.0
50512at33090	0	33.9	339.0
231151at33090	0	18.7	187.0
148539at33090	0	38.0	380.0
58672at33090	0	27.4	274.0
215487at33090	0	11.7444688692	88
216601at33090	0	14.5	145.0
194002at33090	0	14.3	143.0
166660at33090	0	14.1	141.0
53416at33090	0	35.6	356.0
74580at33090	0	39.8	398.0
34517at33090	0	68.1039168015	647
183719at33090	0	33.8	338.0
116623at33090	0	27.7	277.0
183313at33090	0	22.3	223.0
183931at33090	0	23.7	237.0
167217at33090	0	21.9	219.0
193982at33090	0	17.2209663956	154
184776at33090	0	15.7	157.0
200687at33090	0	17.9	179.0
195185at33090	0	20.9	209.0
185214at33090	0	17.0	170.0
164019at33090	0	32.4349498847	210
209516at33090	0	16.6	166.0
167932at33090	0	19.2	192.0
25435at33090	0	97.2023575666	693
120031at33090	0	29.7	297.0
69073at33090	0	30.2856389203	295
213827at33090	0	13.5	135.0
193351at33090	0	12.9	129.0
110222at33090	0	37.0	370.0
36284at33090	0	67.0258907712	602
161054at33090	0	27.8288382005	242
122831at33090	0	31.8	318.0
13643at33090	0	70.2	702.0
104557at33090	0	32.4	324.0
130268at33090	0	42.8825989561	231
143978at33090	0	176.691764941	883
8072at33090	0	162.875180278	767
68957at33090	0	43.0	430.0
167850at33090	0	15.9	159.0
44063at33090	0	42.3	423.0
136579at33090	0	31.8850156152	311
51262at33090	0	40.1	401.0
112542at33090	0	24.7	247.0
87734at33090	0	36.4514576695	226
117191at33090	0	27.7	277.0
142382at33090	0	19.7	197.0
2at33090	0	827.725426442	3293
105782at33090	0	27.1	271.0
72992at33090	0	51.1588145951	429
46307at33090	0	45.3509376658	434
160610at33090	0	24.3	243.0
1557at33090	0	136.653842709	986
140876at33090	0	20.0	200.0
120338at33090	0	36.0	360.0
116411at33090	0	25.8045477914	248
39913at33090	0	53.7	537.0
119439at33090	0	33.6	336.0
104867at33090	0	59.7	597.0
200316at33090	0	27.8	278.0
68169at33090	0	115.408927101	596
207179at33090	0	30.8	308.0
164280at33090	0	15.6	156.0
180408at33090	0	16.1	161.0
9058at33090	0	267.376671498	868
175583at33090	0	12.8	128.0
144765at33090	0	34.3730103928	246
189891at33090	0	20.8	208.0
195843at33090	0	17.6	176.0
139450at33090	0	27.7279700204	231
183396at33090	0	10.8	108.0
154870at33090	0	50.9	509.0
79950at33090	0	27.7	277.0
173119at33090	0	27.3707147006	185
185172at33090	0	11.0	110.0
102307at33090	0	29.3	293.0
211645at33090	0	28.1736652886	206
220587at33090	0	22.6163872894	199
175963at33090	0	20.4	204.0
201861at33090	0	22.8	228.0
104218at33090	0	30.2	302.0
1363at33090	0	171.398767025	1064
198570at33090	0	27.1	271.0
126427at33090	0	25.7	257.0
122367at33090	0	33.3	333.0
186340at33090	0	17.9	179.0
215062at33090	0	14.0	140.0
48645at33090	0	65.1542319027	466
161559at33090	0	33.3342136475	251
24at33090	0	435.61361556	3499
156843at33090	0	18.2	182.0
171708at33090	0	23.6	236.0
37663at33090	0	54.9539321712	526
138499at33090	0	17.0674369077	155
196850at33090	0	17.9371893267	125
76849at33090	0	53.2685085837	454
31855at33090	0	52.2	522.0
32730at33090	0	46.6591248829	426
120455at33090	0	25.4490004396	219
190390at33090	0	19.3	193.0
203383at33090	0	24.3	243.0
167076at33090	0	15.3	153.0
55448at33090	0	41.9	419.0
48027at33090	0	42.7	427.0
173477at33090	0	15.3	153.0
220981at33090	0	17.7	177.0
188180at33090	0	14.2	142.0
115240at33090	0	39.7613952655	312
137787at33090	0	64.7854517767	466
192090at33090	0	45.6	456.0
210551at33090	0	17.8	178.0
167809at33090	0	16.5	165.0
143102at33090	0	28.4	284.0
175792at33090	0	18.2	182.0
24838at33090	0	126.340726691	687
87347at33090	0	73.7	737.0
204880at33090	0	25.265705803	206
69614at33090	0	48.3336487761	337
145734at33090	0	27.8	278.0
188583at33090	0	24.9	249.0
192456at33090	0	15.8	158.0
182493at33090	0	16.9	169.0
105044at33090	0	58.5	585.0
136118at33090	0	56.6860458332	440
209015at33090	0	33.1371702947	210
128774at33090	0	21.8	218.0
170945at33090	0	33.8	338.0
176328at33090	0	48.7	487.0
161066at33090	0	33.5323320578	282
160680at33090	0	59.1401785108	540
11664at33090	0	89.1531622594	671
182513at33090	0	28.0	280.0
71620at33090	0	36.6376366055	332
12439at33090	0	80.9024405517	730
95807at33090	0	35.9	359.0
180466at33090	0	19.2	192.0
11800at33090	0	104.8	1048.0
37699at33090	0	78.638154055	569
138782at33090	0	24.9	249.0
101701at33090	0	79.4310940457	487
35887at33090	0	57.6029717714	526
144144at33090	0	18.8	188.0
172666at33090	0	19.4	194.0
52435at33090	0	45.1	451.0
26868at33090	0	98.4482517401	493
43957at33090	0	68.1	681.0
110225at33090	0	46.5	465.0
40630at33090	0	88.7380136409	583
217014at33090	0	20.9	209.0
141370at33090	0	20.9	209.0
163097at33090	0	30.5	305.0
143963at33090	0	18.0	180.0
23853at33090	0	63.0	630.0
130637at33090	0	26.6681384875	253
22958at33090	0	123.261277478	666
227848at33090	0	19.0	190.0
113024at33090	0	27.8527898687	239
15682at33090	0	98.7195144461	662
70613at33090	0	46.7607853203	365
69137at33090	0	48.8	488.0
182936at33090	0	24.5	245.0
90240at33090	0	32.9	329.0
67132at33090	0	52.3087517896	497
147083at33090	0	23.5	235.0
147262at33090	0	24.0	240.0
177720at33090	0	39.1334472252	364
194372at33090	0	10.2	102.0
63411at33090	0	36.5	365.0
214313at33090	0	13.4584777777	103
90872at33090	0	33.1	331.0
158957at33090	0	21.1876679087	155
117247at33090	0	31.3609019135	263
149782at33090	0	21.9375145688	163
193437at33090	0	13.1	131.0
4004at33090	0	174.011441667	1059
109586at33090	0	47.7214531708	439
200488at33090	0	52.8825211101	232
107413at33090	0	35.3	353.0
166645at33090	0	137.237975447	960
193777at33090	0	24.8	248.0
50528at33090	0	43.6692854705	388
229782at33090	0	5.8	58.0
103267at33090	0	31.1	311.0
193683at33090	0	12.7110598996	124
185696at33090	0	66.2595432196	503
208849at33090	0	7.1	71.0
92579at33090	0	32.498106838	318
23444at33090	0	43.9	439.0
116516at33090	0	35.2	352.0
164556at33090	0	14.4	144.0
196512at33090	0	35.9	359.0
199163at33090	0	49.4854534284	244
88295at33090	0	36.3733168933	315
109823at33090	0	26.0	260.0
127059at33090	0	31.2	312.0
74230at33090	0	37.4	374.0
114996at33090	0	94.5	945.0
140683at33090	0	26.3372668167	178
172535at33090	0	51.3134497951	386
53527at33090	0	128.278449922	726
185941at33090	0	14.4	144.0
184066at33090	0	9.4	94.0
52795at33090	0	41.7	417.0
16726at33090	0	147.836507658	670
60262at33090	0	60.8854897093	344
4115at33090	0	142.337893108	842
161309at33090	0	28.9790401135	249
137018at33090	0	28.3	283.0
96953at33090	0	26.5	265.0
90301at33090	0	36.9	369.0
200499at33090	0	32.4563593112	308
107107at33090	0	49.9937841254	356
217521at33090	0	13.9020693592	128
158492at33090	0	18.5	185.0
210493at33090	0	12.6	126.0
202025at33090	0	15.5	155.0
106886at33090	0	27.1	271.0
172000at33090	0	48.6346089526	276
136267at33090	0	24.5	245.0
111924at33090	0	26.9	269.0
383at33090	0	298.262711578	1426
220316at33090	0	16.4368923027	130
170939at33090	0	67.1903841876	315
126138at33090	0	60.3921707319	426
103382at33090	0	29.4349773159	215
84264at33090	0	116.450830652	647
5305at33090	0	128.627986767	793
161269at33090	0	22.7382947671	157
18455at33090	0	100.544477139	590
88771at33090	0	38.0	380.0
228201at33090	0	24.7	247.0
168269at33090	0	23.1696235108	219
196325at33090	0	23.7	237.0
150559at33090	0	17.0	170.0
208707at33090	0	12.9409845043	71
229778at33090	0	10.2676308087	102
168270at33090	0	23.4	234.0
194293at33090	0	22.0	220.0
171767at33090	0	17.7	177.0
142433at33090	0	26.9184929585	217
225336at33090	0	13.8	138.0
195527at33090	0	37.2979404745	307
75785at33090	0	55.9202459444	313
18801at33090	0	105.991931591	810
187462at33090	0	54.1229165904	387
179975at33090	0	20.5524274169	163
188938at33090	0	20.2463721297	176
144716at33090	0	30.5952396112	193
192750at33090	0	20.6	206.0
210851at33090	0	12.8	128.0
209302at33090	0	18.3	183.0
63853at33090	0	34.3	343.0
51214at33090	0	54.059149124	399
177296at33090	0	16.6	166.0
137771at33090	0	66.7012942651	506
255at33090	0	423.012894037	2055
9849at33090	0	105.829253458	776
74742at33090	0	38.7767693937	296
139062at33090	0	33.6158360909	261
97593at33090	0	39.7349063413	299
41244at33090	0	57.6475604694	423
160064at33090	0	28.8652622888	201
89796at33090	0	55.9	559.0
143347at33090	0	22.4	224.0
203818at33090	0	12.9292003165	122
121303at33090	0	38.9326663133	348
174767at33090	0	23.5728686137	229
144990at33090	0	24.9	249.0
204117at33090	0	16.8	168.0
10924at33090	0	88.1753925699	698
231707at33090	0	22.7535945663	212
162794at33090	0	24.4	244.0
68537at33090	0	33.9	339.0
88687at33090	0	34.0	340.0
212331at33090	0	39.4002557573	365
1419at33090	0	313.909451012	1403
65263at33090	0	34.3	343.0
238204at33090	0	7.1	71.0
31155at33090	0	85.1341708365	577
105867at33090	0	29.7	297.0
196324at33090	0	20.3	203.0
111249at33090	0	39.0823872944	249
230103at33090	0	30.2	302.0
83749at33090	0	34.8	348.0
191396at33090	0	29.4507750008	250
42407at33090	0	127.785401225	614
181108at33090	0	16.8	168.0
238385at33090	0	6.6	66.0
